SR,Entity,Source,Code,Document,Relative path
SR-2026-01042,Sarvam AI (RAK) FZ-LLC,GENERATED,G01,Application SR Record,SR-2026-01042_Sarvam_AI__RAK__FZ_LLC/GENERATED/G01_Application_SR_Record.pdf
SR-2026-01042,Sarvam AI (RAK) FZ-LLC,GENERATED,G02,Name Reservation Approval,SR-2026-01042_Sarvam_AI__RAK__FZ_LLC/GENERATED/G02_Name_Reservation_Approval.pdf
SR-2026-01042,Sarvam AI (RAK) FZ-LLC,GENERATED,G03,Payment Confirmation,SR-2026-01042_Sarvam_AI__RAK__FZ_LLC/GENERATED/G03_Payment_Confirmation.pdf
SR-2026-01042,Sarvam AI (RAK) FZ-LLC,GENERATED,G04,Shareholder Director Register,SR-2026-01042_Sarvam_AI__RAK__FZ_LLC/GENERATED/G04_Shareholder_Director_Register.pdf
SR-2026-01042,Sarvam AI (RAK) FZ-LLC,GENERATED,G05,Client Confirmation Letter,SR-2026-01042_Sarvam_AI__RAK__FZ_LLC/GENERATED/G05_Client_Confirmation_Letter.pdf
SR-2026-01042,Sarvam AI (RAK) FZ-LLC,GENERATED,G06,MOA,SR-2026-01042_Sarvam_AI__RAK__FZ_LLC/GENERATED/G06_MOA.pdf
SR-2026-01042,Sarvam AI (RAK) FZ-LLC,GENERATED,G07,UBO Declaration,SR-2026-01042_Sarvam_AI__RAK__FZ_LLC/GENERATED/G07_UBO_Declaration.pdf
SR-2026-01042,Sarvam AI (RAK) FZ-LLC,GENERATED,G08,Final Declarations Signed Application,SR-2026-01042_Sarvam_AI__RAK__FZ_LLC/GENERATED/G08_Final_Declarations_Signed_Application.pdf
SR-2026-01042,Sarvam AI (RAK) FZ-LLC,UPLOADED,U01,Passport ID Founder,SR-2026-01042_Sarvam_AI__RAK__FZ_LLC/UPLOADED/U01_Passport_ID_Founder.pdf
SR-2026-01042,Sarvam AI (RAK) FZ-LLC,UPLOADED,U02,Proof of Address Founder,SR-2026-01042_Sarvam_AI__RAK__FZ_LLC/UPLOADED/U02_Proof_of_Address_Founder.pdf
SR-2026-01043,Krutrim MENA FZ-LLC,GENERATED,G01,Application SR Record,SR-2026-01043_Krutrim_MENA_FZ_LLC/GENERATED/G01_Application_SR_Record.pdf
SR-2026-01043,Krutrim MENA FZ-LLC,GENERATED,G02,Name Reservation Approval,SR-2026-01043_Krutrim_MENA_FZ_LLC/GENERATED/G02_Name_Reservation_Approval.pdf
SR-2026-01043,Krutrim MENA FZ-LLC,GENERATED,G03,Payment Confirmation,SR-2026-01043_Krutrim_MENA_FZ_LLC/GENERATED/G03_Payment_Confirmation.pdf
SR-2026-01043,Krutrim MENA FZ-LLC,GENERATED,G04,Shareholder Director Register,SR-2026-01043_Krutrim_MENA_FZ_LLC/GENERATED/G04_Shareholder_Director_Register.pdf
SR-2026-01043,Krutrim MENA FZ-LLC,GENERATED,G05,Client Confirmation Letter,SR-2026-01043_Krutrim_MENA_FZ_LLC/GENERATED/G05_Client_Confirmation_Letter.pdf
SR-2026-01043,Krutrim MENA FZ-LLC,GENERATED,G06,MOA,SR-2026-01043_Krutrim_MENA_FZ_LLC/GENERATED/G06_MOA.pdf
SR-2026-01043,Krutrim MENA FZ-LLC,GENERATED,G07,UBO Declaration,SR-2026-01043_Krutrim_MENA_FZ_LLC/GENERATED/G07_UBO_Declaration.pdf
SR-2026-01043,Krutrim MENA FZ-LLC,GENERATED,G08,Final Declarations Signed Application,SR-2026-01043_Krutrim_MENA_FZ_LLC/GENERATED/G08_Final_Declarations_Signed_Application.pdf
SR-2026-01043,Krutrim MENA FZ-LLC,UPLOADED,U01,Passport ID Founder,SR-2026-01043_Krutrim_MENA_FZ_LLC/UPLOADED/U01_Passport_ID_Founder.pdf
SR-2026-01043,Krutrim MENA FZ-LLC,UPLOADED,U02,Proof of Address Founder,SR-2026-01043_Krutrim_MENA_FZ_LLC/UPLOADED/U02_Proof_of_Address_Founder.pdf
SR-2026-01044,Ati Motors (RAK) FZ-LLC,GENERATED,G01,Application SR Record,SR-2026-01044_Ati_Motors__RAK__FZ_LLC/GENERATED/G01_Application_SR_Record.pdf
SR-2026-01044,Ati Motors (RAK) FZ-LLC,GENERATED,G02,Name Reservation Approval,SR-2026-01044_Ati_Motors__RAK__FZ_LLC/GENERATED/G02_Name_Reservation_Approval.pdf
SR-2026-01044,Ati Motors (RAK) FZ-LLC,GENERATED,G03,Payment Confirmation,SR-2026-01044_Ati_Motors__RAK__FZ_LLC/GENERATED/G03_Payment_Confirmation.pdf
SR-2026-01044,Ati Motors (RAK) FZ-LLC,GENERATED,G04,Shareholder Director Register,SR-2026-01044_Ati_Motors__RAK__FZ_LLC/GENERATED/G04_Shareholder_Director_Register.pdf
SR-2026-01044,Ati Motors (RAK) FZ-LLC,GENERATED,G05,Client Confirmation Letter,SR-2026-01044_Ati_Motors__RAK__FZ_LLC/GENERATED/G05_Client_Confirmation_Letter.pdf
SR-2026-01044,Ati Motors (RAK) FZ-LLC,GENERATED,G06,MOA,SR-2026-01044_Ati_Motors__RAK__FZ_LLC/GENERATED/G06_MOA.pdf
SR-2026-01044,Ati Motors (RAK) FZ-LLC,GENERATED,G07,UBO Declaration,SR-2026-01044_Ati_Motors__RAK__FZ_LLC/GENERATED/G07_UBO_Declaration.pdf
SR-2026-01044,Ati Motors (RAK) FZ-LLC,GENERATED,G08,Final Declarations Signed Application,SR-2026-01044_Ati_Motors__RAK__FZ_LLC/GENERATED/G08_Final_Declarations_Signed_Application.pdf
SR-2026-01044,Ati Motors (RAK) FZ-LLC,UPLOADED,U01,Passport ID Founder,SR-2026-01044_Ati_Motors__RAK__FZ_LLC/UPLOADED/U01_Passport_ID_Founder.pdf
SR-2026-01044,Ati Motors (RAK) FZ-LLC,UPLOADED,U02,Proof of Address Founder,SR-2026-01044_Ati_Motors__RAK__FZ_LLC/UPLOADED/U02_Proof_of_Address_Founder.pdf
SR-2026-01045,GenRobotics MENA FZ-LLC,GENERATED,G01,Application SR Record,SR-2026-01045_GenRobotics_MENA_FZ_LLC/GENERATED/G01_Application_SR_Record.pdf
SR-2026-01045,GenRobotics MENA FZ-LLC,GENERATED,G02,Name Reservation Approval,SR-2026-01045_GenRobotics_MENA_FZ_LLC/GENERATED/G02_Name_Reservation_Approval.pdf
SR-2026-01045,GenRobotics MENA FZ-LLC,GENERATED,G03,Payment Confirmation,SR-2026-01045_GenRobotics_MENA_FZ_LLC/GENERATED/G03_Payment_Confirmation.pdf
SR-2026-01045,GenRobotics MENA FZ-LLC,GENERATED,G04,Shareholder Director Register,SR-2026-01045_GenRobotics_MENA_FZ_LLC/GENERATED/G04_Shareholder_Director_Register.pdf
SR-2026-01045,GenRobotics MENA FZ-LLC,GENERATED,G05,Client Confirmation Letter,SR-2026-01045_GenRobotics_MENA_FZ_LLC/GENERATED/G05_Client_Confirmation_Letter.pdf
SR-2026-01045,GenRobotics MENA FZ-LLC,GENERATED,G06,MOA,SR-2026-01045_GenRobotics_MENA_FZ_LLC/GENERATED/G06_MOA.pdf
SR-2026-01045,GenRobotics MENA FZ-LLC,GENERATED,G07,UBO Declaration,SR-2026-01045_GenRobotics_MENA_FZ_LLC/GENERATED/G07_UBO_Declaration.pdf
SR-2026-01045,GenRobotics MENA FZ-LLC,GENERATED,G08,Final Declarations Signed Application,SR-2026-01045_GenRobotics_MENA_FZ_LLC/GENERATED/G08_Final_Declarations_Signed_Application.pdf
SR-2026-01045,GenRobotics MENA FZ-LLC,UPLOADED,U01,Passport ID Founder,SR-2026-01045_GenRobotics_MENA_FZ_LLC/UPLOADED/U01_Passport_ID_Founder.pdf
SR-2026-01045,GenRobotics MENA FZ-LLC,UPLOADED,U02,Proof of Address Founder,SR-2026-01045_GenRobotics_MENA_FZ_LLC/UPLOADED/U02_Proof_of_Address_Founder.pdf
SR-2026-01046,HealthifyMe (RAK) FZ-LLC,GENERATED,G01,Application SR Record,SR-2026-01046_HealthifyMe__RAK__FZ_LLC/GENERATED/G01_Application_SR_Record.pdf
SR-2026-01046,HealthifyMe (RAK) FZ-LLC,GENERATED,G02,Name Reservation Approval,SR-2026-01046_HealthifyMe__RAK__FZ_LLC/GENERATED/G02_Name_Reservation_Approval.pdf
SR-2026-01046,HealthifyMe (RAK) FZ-LLC,GENERATED,G03,Payment Confirmation,SR-2026-01046_HealthifyMe__RAK__FZ_LLC/GENERATED/G03_Payment_Confirmation.pdf
SR-2026-01046,HealthifyMe (RAK) FZ-LLC,GENERATED,G04,Shareholder Director Register,SR-2026-01046_HealthifyMe__RAK__FZ_LLC/GENERATED/G04_Shareholder_Director_Register.pdf
SR-2026-01046,HealthifyMe (RAK) FZ-LLC,GENERATED,G05,Client Confirmation Letter,SR-2026-01046_HealthifyMe__RAK__FZ_LLC/GENERATED/G05_Client_Confirmation_Letter.pdf
SR-2026-01046,HealthifyMe (RAK) FZ-LLC,GENERATED,G06,MOA,SR-2026-01046_HealthifyMe__RAK__FZ_LLC/GENERATED/G06_MOA.pdf
SR-2026-01046,HealthifyMe (RAK) FZ-LLC,GENERATED,G07,UBO Declaration,SR-2026-01046_HealthifyMe__RAK__FZ_LLC/GENERATED/G07_UBO_Declaration.pdf
SR-2026-01046,HealthifyMe (RAK) FZ-LLC,GENERATED,G08,Final Declarations Signed Application,SR-2026-01046_HealthifyMe__RAK__FZ_LLC/GENERATED/G08_Final_Declarations_Signed_Application.pdf
SR-2026-01046,HealthifyMe (RAK) FZ-LLC,UPLOADED,U01,Passport ID Founder,SR-2026-01046_HealthifyMe__RAK__FZ_LLC/UPLOADED/U01_Passport_ID_Founder.pdf
SR-2026-01046,HealthifyMe (RAK) FZ-LLC,UPLOADED,U02,Proof of Address Founder,SR-2026-01046_HealthifyMe__RAK__FZ_LLC/UPLOADED/U02_Proof_of_Address_Founder.pdf
SR-2026-02011,Fireblocks MENA FZ-LLC,GENERATED,G01,Application SR Record,SR-2026-02011_Fireblocks_MENA_FZ_LLC/GENERATED/G01_Application_SR_Record.pdf
SR-2026-02011,Fireblocks MENA FZ-LLC,GENERATED,G02,Name Reservation Approval,SR-2026-02011_Fireblocks_MENA_FZ_LLC/GENERATED/G02_Name_Reservation_Approval.pdf
SR-2026-02011,Fireblocks MENA FZ-LLC,GENERATED,G03,Payment Confirmation,SR-2026-02011_Fireblocks_MENA_FZ_LLC/GENERATED/G03_Payment_Confirmation.pdf
SR-2026-02011,Fireblocks MENA FZ-LLC,GENERATED,G04,Shareholder Director Register,SR-2026-02011_Fireblocks_MENA_FZ_LLC/GENERATED/G04_Shareholder_Director_Register.pdf
SR-2026-02011,Fireblocks MENA FZ-LLC,GENERATED,G05,Client Confirmation Letter,SR-2026-02011_Fireblocks_MENA_FZ_LLC/GENERATED/G05_Client_Confirmation_Letter.pdf
SR-2026-02011,Fireblocks MENA FZ-LLC,GENERATED,G06,MOA,SR-2026-02011_Fireblocks_MENA_FZ_LLC/GENERATED/G06_MOA.pdf
SR-2026-02011,Fireblocks MENA FZ-LLC,GENERATED,G07,UBO Declaration,SR-2026-02011_Fireblocks_MENA_FZ_LLC/GENERATED/G07_UBO_Declaration.pdf
SR-2026-02011,Fireblocks MENA FZ-LLC,GENERATED,G08,Final Declarations Signed Application,SR-2026-02011_Fireblocks_MENA_FZ_LLC/GENERATED/G08_Final_Declarations_Signed_Application.pdf
SR-2026-02011,Fireblocks MENA FZ-LLC,GENERATED,G09,Source of Wealth Statement,SR-2026-02011_Fireblocks_MENA_FZ_LLC/GENERATED/G09_Source_of_Wealth_Statement.pdf
SR-2026-02011,Fireblocks MENA FZ-LLC,GENERATED,G10,Premium Activity Pre-Approval Request,SR-2026-02011_Fireblocks_MENA_FZ_LLC/GENERATED/G10_Premium_Activity_Pre_Approval_Request.pdf
SR-2026-02011,Fireblocks MENA FZ-LLC,UPLOADED,U01,Passport ID Signatory,SR-2026-02011_Fireblocks_MENA_FZ_LLC/UPLOADED/U01_Passport_ID_Signatory.pdf
SR-2026-02011,Fireblocks MENA FZ-LLC,UPLOADED,U02,Proof of Address Signatory,SR-2026-02011_Fireblocks_MENA_FZ_LLC/UPLOADED/U02_Proof_of_Address_Signatory.pdf
SR-2026-02011,Fireblocks MENA FZ-LLC,UPLOADED,U03,Parent Certificate of Incorporation,SR-2026-02011_Fireblocks_MENA_FZ_LLC/UPLOADED/U03_Parent_Certificate_of_Incorporation.pdf
SR-2026-02011,Fireblocks MENA FZ-LLC,UPLOADED,U04,Parent MoA AoA,SR-2026-02011_Fireblocks_MENA_FZ_LLC/UPLOADED/U04_Parent_MoA_AoA.pdf
SR-2026-02011,Fireblocks MENA FZ-LLC,UPLOADED,U05,Parent Certificate of Good Standing,SR-2026-02011_Fireblocks_MENA_FZ_LLC/UPLOADED/U05_Parent_Certificate_of_Good_Standing.pdf
SR-2026-02011,Fireblocks MENA FZ-LLC,UPLOADED,U06,Board Resolution,SR-2026-02011_Fireblocks_MENA_FZ_LLC/UPLOADED/U06_Board_Resolution.pdf
SR-2026-02011,Fireblocks MENA FZ-LLC,UPLOADED,U07,Power of Attorney,SR-2026-02011_Fireblocks_MENA_FZ_LLC/UPLOADED/U07_Power_of_Attorney.pdf
SR-2026-02011,Fireblocks MENA FZ-LLC,UPLOADED,U08,UBO Identity Documents,SR-2026-02011_Fireblocks_MENA_FZ_LLC/UPLOADED/U08_UBO_Identity_Documents.pdf
SR-2026-02012,Cohere MENA FZ-LLC,GENERATED,G01,Application SR Record,SR-2026-02012_Cohere_MENA_FZ_LLC/GENERATED/G01_Application_SR_Record.pdf
SR-2026-02012,Cohere MENA FZ-LLC,GENERATED,G02,Name Reservation Approval,SR-2026-02012_Cohere_MENA_FZ_LLC/GENERATED/G02_Name_Reservation_Approval.pdf
SR-2026-02012,Cohere MENA FZ-LLC,GENERATED,G03,Payment Confirmation,SR-2026-02012_Cohere_MENA_FZ_LLC/GENERATED/G03_Payment_Confirmation.pdf
SR-2026-02012,Cohere MENA FZ-LLC,GENERATED,G04,Shareholder Director Register,SR-2026-02012_Cohere_MENA_FZ_LLC/GENERATED/G04_Shareholder_Director_Register.pdf
SR-2026-02012,Cohere MENA FZ-LLC,GENERATED,G05,Client Confirmation Letter,SR-2026-02012_Cohere_MENA_FZ_LLC/GENERATED/G05_Client_Confirmation_Letter.pdf
SR-2026-02012,Cohere MENA FZ-LLC,GENERATED,G06,MOA,SR-2026-02012_Cohere_MENA_FZ_LLC/GENERATED/G06_MOA.pdf
SR-2026-02012,Cohere MENA FZ-LLC,GENERATED,G07,UBO Declaration,SR-2026-02012_Cohere_MENA_FZ_LLC/GENERATED/G07_UBO_Declaration.pdf
SR-2026-02012,Cohere MENA FZ-LLC,GENERATED,G08,Final Declarations Signed Application,SR-2026-02012_Cohere_MENA_FZ_LLC/GENERATED/G08_Final_Declarations_Signed_Application.pdf
SR-2026-02012,Cohere MENA FZ-LLC,UPLOADED,U01,Passport ID Signatory,SR-2026-02012_Cohere_MENA_FZ_LLC/UPLOADED/U01_Passport_ID_Signatory.pdf
SR-2026-02012,Cohere MENA FZ-LLC,UPLOADED,U02,Proof of Address Signatory,SR-2026-02012_Cohere_MENA_FZ_LLC/UPLOADED/U02_Proof_of_Address_Signatory.pdf
SR-2026-02012,Cohere MENA FZ-LLC,UPLOADED,U03,Parent Certificate of Incorporation,SR-2026-02012_Cohere_MENA_FZ_LLC/UPLOADED/U03_Parent_Certificate_of_Incorporation.pdf
SR-2026-02012,Cohere MENA FZ-LLC,UPLOADED,U04,Parent MoA AoA,SR-2026-02012_Cohere_MENA_FZ_LLC/UPLOADED/U04_Parent_MoA_AoA.pdf
SR-2026-02012,Cohere MENA FZ-LLC,UPLOADED,U05,Parent Certificate of Good Standing,SR-2026-02012_Cohere_MENA_FZ_LLC/UPLOADED/U05_Parent_Certificate_of_Good_Standing.pdf
SR-2026-02012,Cohere MENA FZ-LLC,UPLOADED,U06,Board Resolution,SR-2026-02012_Cohere_MENA_FZ_LLC/UPLOADED/U06_Board_Resolution.pdf
SR-2026-02012,Cohere MENA FZ-LLC,UPLOADED,U07,Power of Attorney,SR-2026-02012_Cohere_MENA_FZ_LLC/UPLOADED/U07_Power_of_Attorney.pdf
SR-2026-02012,Cohere MENA FZ-LLC,UPLOADED,U08,UBO Identity Documents,SR-2026-02012_Cohere_MENA_FZ_LLC/UPLOADED/U08_UBO_Identity_Documents.pdf
SR-2026-02013,Mistral MENA FZ-LLC,GENERATED,G01,Application SR Record,SR-2026-02013_Mistral_MENA_FZ_LLC/GENERATED/G01_Application_SR_Record.pdf
SR-2026-02013,Mistral MENA FZ-LLC,GENERATED,G02,Name Reservation Approval,SR-2026-02013_Mistral_MENA_FZ_LLC/GENERATED/G02_Name_Reservation_Approval.pdf
SR-2026-02013,Mistral MENA FZ-LLC,GENERATED,G03,Payment Confirmation,SR-2026-02013_Mistral_MENA_FZ_LLC/GENERATED/G03_Payment_Confirmation.pdf
SR-2026-02013,Mistral MENA FZ-LLC,GENERATED,G04,Shareholder Director Register,SR-2026-02013_Mistral_MENA_FZ_LLC/GENERATED/G04_Shareholder_Director_Register.pdf
SR-2026-02013,Mistral MENA FZ-LLC,GENERATED,G05,Client Confirmation Letter,SR-2026-02013_Mistral_MENA_FZ_LLC/GENERATED/G05_Client_Confirmation_Letter.pdf
SR-2026-02013,Mistral MENA FZ-LLC,GENERATED,G06,MOA,SR-2026-02013_Mistral_MENA_FZ_LLC/GENERATED/G06_MOA.pdf
SR-2026-02013,Mistral MENA FZ-LLC,GENERATED,G07,UBO Declaration,SR-2026-02013_Mistral_MENA_FZ_LLC/GENERATED/G07_UBO_Declaration.pdf
SR-2026-02013,Mistral MENA FZ-LLC,GENERATED,G08,Final Declarations Signed Application,SR-2026-02013_Mistral_MENA_FZ_LLC/GENERATED/G08_Final_Declarations_Signed_Application.pdf
SR-2026-02013,Mistral MENA FZ-LLC,UPLOADED,U01,Passport ID Signatory,SR-2026-02013_Mistral_MENA_FZ_LLC/UPLOADED/U01_Passport_ID_Signatory.pdf
SR-2026-02013,Mistral MENA FZ-LLC,UPLOADED,U02,Proof of Address Signatory,SR-2026-02013_Mistral_MENA_FZ_LLC/UPLOADED/U02_Proof_of_Address_Signatory.pdf
SR-2026-02013,Mistral MENA FZ-LLC,UPLOADED,U03,Parent Certificate of Incorporation,SR-2026-02013_Mistral_MENA_FZ_LLC/UPLOADED/U03_Parent_Certificate_of_Incorporation.pdf
SR-2026-02013,Mistral MENA FZ-LLC,UPLOADED,U04,Parent MoA AoA,SR-2026-02013_Mistral_MENA_FZ_LLC/UPLOADED/U04_Parent_MoA_AoA.pdf
SR-2026-02013,Mistral MENA FZ-LLC,UPLOADED,U05,Parent Certificate of Good Standing,SR-2026-02013_Mistral_MENA_FZ_LLC/UPLOADED/U05_Parent_Certificate_of_Good_Standing.pdf
SR-2026-02013,Mistral MENA FZ-LLC,UPLOADED,U06,Board Resolution,SR-2026-02013_Mistral_MENA_FZ_LLC/UPLOADED/U06_Board_Resolution.pdf
SR-2026-02013,Mistral MENA FZ-LLC,UPLOADED,U07,Power of Attorney,SR-2026-02013_Mistral_MENA_FZ_LLC/UPLOADED/U07_Power_of_Attorney.pdf
SR-2026-02013,Mistral MENA FZ-LLC,UPLOADED,U08,UBO Identity Documents,SR-2026-02013_Mistral_MENA_FZ_LLC/UPLOADED/U08_UBO_Identity_Documents.pdf
SR-2026-02014,Krafton MENA FZ-LLC,GENERATED,G01,Application SR Record,SR-2026-02014_Krafton_MENA_FZ_LLC/GENERATED/G01_Application_SR_Record.pdf
SR-2026-02014,Krafton MENA FZ-LLC,GENERATED,G02,Name Reservation Approval,SR-2026-02014_Krafton_MENA_FZ_LLC/GENERATED/G02_Name_Reservation_Approval.pdf
SR-2026-02014,Krafton MENA FZ-LLC,GENERATED,G03,Payment Confirmation,SR-2026-02014_Krafton_MENA_FZ_LLC/GENERATED/G03_Payment_Confirmation.pdf
SR-2026-02014,Krafton MENA FZ-LLC,GENERATED,G04,Shareholder Director Register,SR-2026-02014_Krafton_MENA_FZ_LLC/GENERATED/G04_Shareholder_Director_Register.pdf
SR-2026-02014,Krafton MENA FZ-LLC,GENERATED,G05,Client Confirmation Letter,SR-2026-02014_Krafton_MENA_FZ_LLC/GENERATED/G05_Client_Confirmation_Letter.pdf
SR-2026-02014,Krafton MENA FZ-LLC,GENERATED,G06,MOA,SR-2026-02014_Krafton_MENA_FZ_LLC/GENERATED/G06_MOA.pdf
SR-2026-02014,Krafton MENA FZ-LLC,GENERATED,G07,UBO Declaration,SR-2026-02014_Krafton_MENA_FZ_LLC/GENERATED/G07_UBO_Declaration.pdf
SR-2026-02014,Krafton MENA FZ-LLC,GENERATED,G08,Final Declarations Signed Application,SR-2026-02014_Krafton_MENA_FZ_LLC/GENERATED/G08_Final_Declarations_Signed_Application.pdf
SR-2026-02014,Krafton MENA FZ-LLC,GENERATED,G09,Source of Wealth Statement,SR-2026-02014_Krafton_MENA_FZ_LLC/GENERATED/G09_Source_of_Wealth_Statement.pdf
SR-2026-02014,Krafton MENA FZ-LLC,GENERATED,G10,Premium Activity Pre-Approval Request,SR-2026-02014_Krafton_MENA_FZ_LLC/GENERATED/G10_Premium_Activity_Pre_Approval_Request.pdf
SR-2026-02014,Krafton MENA FZ-LLC,UPLOADED,U01,Passport ID Signatory,SR-2026-02014_Krafton_MENA_FZ_LLC/UPLOADED/U01_Passport_ID_Signatory.pdf
SR-2026-02014,Krafton MENA FZ-LLC,UPLOADED,U02,Proof of Address Signatory,SR-2026-02014_Krafton_MENA_FZ_LLC/UPLOADED/U02_Proof_of_Address_Signatory.pdf
SR-2026-02014,Krafton MENA FZ-LLC,UPLOADED,U03,Parent Certificate of Incorporation,SR-2026-02014_Krafton_MENA_FZ_LLC/UPLOADED/U03_Parent_Certificate_of_Incorporation.pdf
SR-2026-02014,Krafton MENA FZ-LLC,UPLOADED,U04,Parent MoA AoA,SR-2026-02014_Krafton_MENA_FZ_LLC/UPLOADED/U04_Parent_MoA_AoA.pdf
SR-2026-02014,Krafton MENA FZ-LLC,UPLOADED,U05,Parent Certificate of Good Standing,SR-2026-02014_Krafton_MENA_FZ_LLC/UPLOADED/U05_Parent_Certificate_of_Good_Standing.pdf
SR-2026-02014,Krafton MENA FZ-LLC,UPLOADED,U06,Board Resolution,SR-2026-02014_Krafton_MENA_FZ_LLC/UPLOADED/U06_Board_Resolution.pdf
SR-2026-02014,Krafton MENA FZ-LLC,UPLOADED,U07,Power of Attorney,SR-2026-02014_Krafton_MENA_FZ_LLC/UPLOADED/U07_Power_of_Attorney.pdf
SR-2026-02014,Krafton MENA FZ-LLC,UPLOADED,U08,UBO Identity Documents,SR-2026-02014_Krafton_MENA_FZ_LLC/UPLOADED/U08_UBO_Identity_Documents.pdf
SR-2026-02015,Immutable MENA FZ-LLC,GENERATED,G01,Application SR Record,SR-2026-02015_Immutable_MENA_FZ_LLC/GENERATED/G01_Application_SR_Record.pdf
SR-2026-02015,Immutable MENA FZ-LLC,GENERATED,G02,Name Reservation Approval,SR-2026-02015_Immutable_MENA_FZ_LLC/GENERATED/G02_Name_Reservation_Approval.pdf
SR-2026-02015,Immutable MENA FZ-LLC,GENERATED,G03,Payment Confirmation,SR-2026-02015_Immutable_MENA_FZ_LLC/GENERATED/G03_Payment_Confirmation.pdf
SR-2026-02015,Immutable MENA FZ-LLC,GENERATED,G04,Shareholder Director Register,SR-2026-02015_Immutable_MENA_FZ_LLC/GENERATED/G04_Shareholder_Director_Register.pdf
SR-2026-02015,Immutable MENA FZ-LLC,GENERATED,G05,Client Confirmation Letter,SR-2026-02015_Immutable_MENA_FZ_LLC/GENERATED/G05_Client_Confirmation_Letter.pdf
SR-2026-02015,Immutable MENA FZ-LLC,GENERATED,G06,MOA,SR-2026-02015_Immutable_MENA_FZ_LLC/GENERATED/G06_MOA.pdf
SR-2026-02015,Immutable MENA FZ-LLC,GENERATED,G07,UBO Declaration,SR-2026-02015_Immutable_MENA_FZ_LLC/GENERATED/G07_UBO_Declaration.pdf
SR-2026-02015,Immutable MENA FZ-LLC,GENERATED,G08,Final Declarations Signed Application,SR-2026-02015_Immutable_MENA_FZ_LLC/GENERATED/G08_Final_Declarations_Signed_Application.pdf
SR-2026-02015,Immutable MENA FZ-LLC,GENERATED,G09,Source of Wealth Statement,SR-2026-02015_Immutable_MENA_FZ_LLC/GENERATED/G09_Source_of_Wealth_Statement.pdf
SR-2026-02015,Immutable MENA FZ-LLC,GENERATED,G10,Premium Activity Pre-Approval Request,SR-2026-02015_Immutable_MENA_FZ_LLC/GENERATED/G10_Premium_Activity_Pre_Approval_Request.pdf
SR-2026-02015,Immutable MENA FZ-LLC,UPLOADED,U01,Passport ID Signatory,SR-2026-02015_Immutable_MENA_FZ_LLC/UPLOADED/U01_Passport_ID_Signatory.pdf
SR-2026-02015,Immutable MENA FZ-LLC,UPLOADED,U02,Proof of Address Signatory,SR-2026-02015_Immutable_MENA_FZ_LLC/UPLOADED/U02_Proof_of_Address_Signatory.pdf
SR-2026-02015,Immutable MENA FZ-LLC,UPLOADED,U03,Parent Certificate of Incorporation,SR-2026-02015_Immutable_MENA_FZ_LLC/UPLOADED/U03_Parent_Certificate_of_Incorporation.pdf
SR-2026-02015,Immutable MENA FZ-LLC,UPLOADED,U04,Parent MoA AoA,SR-2026-02015_Immutable_MENA_FZ_LLC/UPLOADED/U04_Parent_MoA_AoA.pdf
SR-2026-02015,Immutable MENA FZ-LLC,UPLOADED,U05,Parent Certificate of Good Standing,SR-2026-02015_Immutable_MENA_FZ_LLC/UPLOADED/U05_Parent_Certificate_of_Good_Standing.pdf
SR-2026-02015,Immutable MENA FZ-LLC,UPLOADED,U06,Board Resolution,SR-2026-02015_Immutable_MENA_FZ_LLC/UPLOADED/U06_Board_Resolution.pdf
SR-2026-02015,Immutable MENA FZ-LLC,UPLOADED,U07,Power of Attorney,SR-2026-02015_Immutable_MENA_FZ_LLC/UPLOADED/U07_Power_of_Attorney.pdf
SR-2026-02015,Immutable MENA FZ-LLC,UPLOADED,U08,UBO Identity Documents,SR-2026-02015_Immutable_MENA_FZ_LLC/UPLOADED/U08_UBO_Identity_Documents.pdf
SR-2026-03007,Aragon DAO Association (Startup DAO),GENERATED,G01,Application SR Record,SR-2026-03007_Aragon_DAO_Association__Startup_/GENERATED/G01_Application_SR_Record.pdf
SR-2026-03007,Aragon DAO Association (Startup DAO),GENERATED,G02,Name Reservation Approval,SR-2026-03007_Aragon_DAO_Association__Startup_/GENERATED/G02_Name_Reservation_Approval.pdf
SR-2026-03007,Aragon DAO Association (Startup DAO),GENERATED,G03,Payment Confirmation,SR-2026-03007_Aragon_DAO_Association__Startup_/GENERATED/G03_Payment_Confirmation.pdf
SR-2026-03007,Aragon DAO Association (Startup DAO),GENERATED,G04,Shareholder Director Register,SR-2026-03007_Aragon_DAO_Association__Startup_/GENERATED/G04_Shareholder_Director_Register.pdf
SR-2026-03007,Aragon DAO Association (Startup DAO),GENERATED,G05,Client Confirmation Letter,SR-2026-03007_Aragon_DAO_Association__Startup_/GENERATED/G05_Client_Confirmation_Letter.pdf
SR-2026-03007,Aragon DAO Association (Startup DAO),GENERATED,G07,UBO Declaration,SR-2026-03007_Aragon_DAO_Association__Startup_/GENERATED/G07_UBO_Declaration.pdf
SR-2026-03007,Aragon DAO Association (Startup DAO),GENERATED,G08,Final Declarations Signed Application,SR-2026-03007_Aragon_DAO_Association__Startup_/GENERATED/G08_Final_Declarations_Signed_Application.pdf
SR-2026-03007,Aragon DAO Association (Startup DAO),GENERATED,G09,Source of Wealth Statement,SR-2026-03007_Aragon_DAO_Association__Startup_/GENERATED/G09_Source_of_Wealth_Statement.pdf
SR-2026-03007,Aragon DAO Association (Startup DAO),GENERATED,G10,Premium Activity Pre-Approval Request,SR-2026-03007_Aragon_DAO_Association__Startup_/GENERATED/G10_Premium_Activity_Pre_Approval_Request.pdf
SR-2026-03007,Aragon DAO Association (Startup DAO),UPLOADED,U01,Passport ID Member 1,SR-2026-03007_Aragon_DAO_Association__Startup_/UPLOADED/U01_Passport_ID_Member_1.pdf
SR-2026-03007,Aragon DAO Association (Startup DAO),UPLOADED,U02,Proof of Address Member 1,SR-2026-03007_Aragon_DAO_Association__Startup_/UPLOADED/U02_Proof_of_Address_Member_1.pdf
SR-2026-03007,Aragon DAO Association (Startup DAO),UPLOADED,U03,Passport ID Member 2,SR-2026-03007_Aragon_DAO_Association__Startup_/UPLOADED/U03_Passport_ID_Member_2.pdf
SR-2026-03007,Aragon DAO Association (Startup DAO),UPLOADED,U04,Proof of Address Member 2,SR-2026-03007_Aragon_DAO_Association__Startup_/UPLOADED/U04_Proof_of_Address_Member_2.pdf
SR-2026-03007,Aragon DAO Association (Startup DAO),UPLOADED,U05,DAO Constitution,SR-2026-03007_Aragon_DAO_Association__Startup_/UPLOADED/U05_DAO_Constitution.pdf
SR-2026-03007,Aragon DAO Association (Startup DAO),UPLOADED,U06,Memorandum of Association CLG,SR-2026-03007_Aragon_DAO_Association__Startup_/UPLOADED/U06_Memorandum_of_Association_CLG.pdf
SR-2026-03007,Aragon DAO Association (Startup DAO),UPLOADED,U07,Tokenomics,SR-2026-03007_Aragon_DAO_Association__Startup_/UPLOADED/U07_Tokenomics.pdf
SR-2026-03007,Aragon DAO Association (Startup DAO),UPLOADED,U08,Whitepaper,SR-2026-03007_Aragon_DAO_Association__Startup_/UPLOADED/U08_Whitepaper.pdf
SR-2026-03007,Aragon DAO Association (Startup DAO),UPLOADED,U09,Legal Opinion,SR-2026-03007_Aragon_DAO_Association__Startup_/UPLOADED/U09_Legal_Opinion.pdf
SR-2026-03008,Snapshot DAO Association (Startup DAO),GENERATED,G01,Application SR Record,SR-2026-03008_Snapshot_DAO_Association__Startu/GENERATED/G01_Application_SR_Record.pdf
SR-2026-03008,Snapshot DAO Association (Startup DAO),GENERATED,G02,Name Reservation Approval,SR-2026-03008_Snapshot_DAO_Association__Startu/GENERATED/G02_Name_Reservation_Approval.pdf
SR-2026-03008,Snapshot DAO Association (Startup DAO),GENERATED,G03,Payment Confirmation,SR-2026-03008_Snapshot_DAO_Association__Startu/GENERATED/G03_Payment_Confirmation.pdf
SR-2026-03008,Snapshot DAO Association (Startup DAO),GENERATED,G04,Shareholder Director Register,SR-2026-03008_Snapshot_DAO_Association__Startu/GENERATED/G04_Shareholder_Director_Register.pdf
SR-2026-03008,Snapshot DAO Association (Startup DAO),GENERATED,G05,Client Confirmation Letter,SR-2026-03008_Snapshot_DAO_Association__Startu/GENERATED/G05_Client_Confirmation_Letter.pdf
SR-2026-03008,Snapshot DAO Association (Startup DAO),GENERATED,G07,UBO Declaration,SR-2026-03008_Snapshot_DAO_Association__Startu/GENERATED/G07_UBO_Declaration.pdf
SR-2026-03008,Snapshot DAO Association (Startup DAO),GENERATED,G08,Final Declarations Signed Application,SR-2026-03008_Snapshot_DAO_Association__Startu/GENERATED/G08_Final_Declarations_Signed_Application.pdf
SR-2026-03008,Snapshot DAO Association (Startup DAO),GENERATED,G09,Source of Wealth Statement,SR-2026-03008_Snapshot_DAO_Association__Startu/GENERATED/G09_Source_of_Wealth_Statement.pdf
SR-2026-03008,Snapshot DAO Association (Startup DAO),GENERATED,G10,Premium Activity Pre-Approval Request,SR-2026-03008_Snapshot_DAO_Association__Startu/GENERATED/G10_Premium_Activity_Pre_Approval_Request.pdf
SR-2026-03008,Snapshot DAO Association (Startup DAO),UPLOADED,U01,Passport ID Member 1,SR-2026-03008_Snapshot_DAO_Association__Startu/UPLOADED/U01_Passport_ID_Member_1.pdf
SR-2026-03008,Snapshot DAO Association (Startup DAO),UPLOADED,U02,Proof of Address Member 1,SR-2026-03008_Snapshot_DAO_Association__Startu/UPLOADED/U02_Proof_of_Address_Member_1.pdf
SR-2026-03008,Snapshot DAO Association (Startup DAO),UPLOADED,U03,Passport ID Member 2,SR-2026-03008_Snapshot_DAO_Association__Startu/UPLOADED/U03_Passport_ID_Member_2.pdf
SR-2026-03008,Snapshot DAO Association (Startup DAO),UPLOADED,U04,Proof of Address Member 2,SR-2026-03008_Snapshot_DAO_Association__Startu/UPLOADED/U04_Proof_of_Address_Member_2.pdf
SR-2026-03008,Snapshot DAO Association (Startup DAO),UPLOADED,U05,DAO Constitution,SR-2026-03008_Snapshot_DAO_Association__Startu/UPLOADED/U05_DAO_Constitution.pdf
SR-2026-03008,Snapshot DAO Association (Startup DAO),UPLOADED,U06,Memorandum of Association CLG,SR-2026-03008_Snapshot_DAO_Association__Startu/UPLOADED/U06_Memorandum_of_Association_CLG.pdf
SR-2026-03008,Snapshot DAO Association (Startup DAO),UPLOADED,U07,Tokenomics,SR-2026-03008_Snapshot_DAO_Association__Startu/UPLOADED/U07_Tokenomics.pdf
SR-2026-03008,Snapshot DAO Association (Startup DAO),UPLOADED,U08,Whitepaper,SR-2026-03008_Snapshot_DAO_Association__Startu/UPLOADED/U08_Whitepaper.pdf
SR-2026-03008,Snapshot DAO Association (Startup DAO),UPLOADED,U09,Legal Opinion,SR-2026-03008_Snapshot_DAO_Association__Startu/UPLOADED/U09_Legal_Opinion.pdf
SR-2026-03009,Tally DAO Association (Startup DAO),GENERATED,G01,Application SR Record,SR-2026-03009_Tally_DAO_Association__Startup_D/GENERATED/G01_Application_SR_Record.pdf
SR-2026-03009,Tally DAO Association (Startup DAO),GENERATED,G02,Name Reservation Approval,SR-2026-03009_Tally_DAO_Association__Startup_D/GENERATED/G02_Name_Reservation_Approval.pdf
SR-2026-03009,Tally DAO Association (Startup DAO),GENERATED,G03,Payment Confirmation,SR-2026-03009_Tally_DAO_Association__Startup_D/GENERATED/G03_Payment_Confirmation.pdf
SR-2026-03009,Tally DAO Association (Startup DAO),GENERATED,G04,Shareholder Director Register,SR-2026-03009_Tally_DAO_Association__Startup_D/GENERATED/G04_Shareholder_Director_Register.pdf
SR-2026-03009,Tally DAO Association (Startup DAO),GENERATED,G05,Client Confirmation Letter,SR-2026-03009_Tally_DAO_Association__Startup_D/GENERATED/G05_Client_Confirmation_Letter.pdf
SR-2026-03009,Tally DAO Association (Startup DAO),GENERATED,G07,UBO Declaration,SR-2026-03009_Tally_DAO_Association__Startup_D/GENERATED/G07_UBO_Declaration.pdf
SR-2026-03009,Tally DAO Association (Startup DAO),GENERATED,G08,Final Declarations Signed Application,SR-2026-03009_Tally_DAO_Association__Startup_D/GENERATED/G08_Final_Declarations_Signed_Application.pdf
SR-2026-03009,Tally DAO Association (Startup DAO),GENERATED,G09,Source of Wealth Statement,SR-2026-03009_Tally_DAO_Association__Startup_D/GENERATED/G09_Source_of_Wealth_Statement.pdf
SR-2026-03009,Tally DAO Association (Startup DAO),GENERATED,G10,Premium Activity Pre-Approval Request,SR-2026-03009_Tally_DAO_Association__Startup_D/GENERATED/G10_Premium_Activity_Pre_Approval_Request.pdf
SR-2026-03009,Tally DAO Association (Startup DAO),UPLOADED,U01,Passport ID Member 1,SR-2026-03009_Tally_DAO_Association__Startup_D/UPLOADED/U01_Passport_ID_Member_1.pdf
SR-2026-03009,Tally DAO Association (Startup DAO),UPLOADED,U02,Proof of Address Member 1,SR-2026-03009_Tally_DAO_Association__Startup_D/UPLOADED/U02_Proof_of_Address_Member_1.pdf
SR-2026-03009,Tally DAO Association (Startup DAO),UPLOADED,U03,Passport ID Member 2,SR-2026-03009_Tally_DAO_Association__Startup_D/UPLOADED/U03_Passport_ID_Member_2.pdf
SR-2026-03009,Tally DAO Association (Startup DAO),UPLOADED,U04,Proof of Address Member 2,SR-2026-03009_Tally_DAO_Association__Startup_D/UPLOADED/U04_Proof_of_Address_Member_2.pdf
SR-2026-03009,Tally DAO Association (Startup DAO),UPLOADED,U05,DAO Constitution,SR-2026-03009_Tally_DAO_Association__Startup_D/UPLOADED/U05_DAO_Constitution.pdf
SR-2026-03009,Tally DAO Association (Startup DAO),UPLOADED,U06,Memorandum of Association CLG,SR-2026-03009_Tally_DAO_Association__Startup_D/UPLOADED/U06_Memorandum_of_Association_CLG.pdf
SR-2026-03009,Tally DAO Association (Startup DAO),UPLOADED,U07,Tokenomics,SR-2026-03009_Tally_DAO_Association__Startup_D/UPLOADED/U07_Tokenomics.pdf
SR-2026-03009,Tally DAO Association (Startup DAO),UPLOADED,U08,Whitepaper,SR-2026-03009_Tally_DAO_Association__Startup_D/UPLOADED/U08_Whitepaper.pdf
SR-2026-03009,Tally DAO Association (Startup DAO),UPLOADED,U09,Legal Opinion,SR-2026-03009_Tally_DAO_Association__Startup_D/UPLOADED/U09_Legal_Opinion.pdf
SR-2026-03010,Jupiter Exchange DAO Association (Alpha DAO),GENERATED,G01,Application SR Record,SR-2026-03010_Jupiter_Exchange_DAO_Association/GENERATED/G01_Application_SR_Record.pdf
SR-2026-03010,Jupiter Exchange DAO Association (Alpha DAO),GENERATED,G02,Name Reservation Approval,SR-2026-03010_Jupiter_Exchange_DAO_Association/GENERATED/G02_Name_Reservation_Approval.pdf
SR-2026-03010,Jupiter Exchange DAO Association (Alpha DAO),GENERATED,G03,Payment Confirmation,SR-2026-03010_Jupiter_Exchange_DAO_Association/GENERATED/G03_Payment_Confirmation.pdf
SR-2026-03010,Jupiter Exchange DAO Association (Alpha DAO),GENERATED,G04,Shareholder Director Register,SR-2026-03010_Jupiter_Exchange_DAO_Association/GENERATED/G04_Shareholder_Director_Register.pdf
SR-2026-03010,Jupiter Exchange DAO Association (Alpha DAO),GENERATED,G05,Client Confirmation Letter,SR-2026-03010_Jupiter_Exchange_DAO_Association/GENERATED/G05_Client_Confirmation_Letter.pdf
SR-2026-03010,Jupiter Exchange DAO Association (Alpha DAO),GENERATED,G07,UBO Declaration,SR-2026-03010_Jupiter_Exchange_DAO_Association/GENERATED/G07_UBO_Declaration.pdf
SR-2026-03010,Jupiter Exchange DAO Association (Alpha DAO),GENERATED,G08,Final Declarations Signed Application,SR-2026-03010_Jupiter_Exchange_DAO_Association/GENERATED/G08_Final_Declarations_Signed_Application.pdf
SR-2026-03010,Jupiter Exchange DAO Association (Alpha DAO),GENERATED,G09,Source of Wealth Statement,SR-2026-03010_Jupiter_Exchange_DAO_Association/GENERATED/G09_Source_of_Wealth_Statement.pdf
SR-2026-03010,Jupiter Exchange DAO Association (Alpha DAO),GENERATED,G10,Premium Activity Pre-Approval Request,SR-2026-03010_Jupiter_Exchange_DAO_Association/GENERATED/G10_Premium_Activity_Pre_Approval_Request.pdf
SR-2026-03010,Jupiter Exchange DAO Association (Alpha DAO),UPLOADED,U01,Passport ID Member 1,SR-2026-03010_Jupiter_Exchange_DAO_Association/UPLOADED/U01_Passport_ID_Member_1.pdf
SR-2026-03010,Jupiter Exchange DAO Association (Alpha DAO),UPLOADED,U02,Proof of Address Member 1,SR-2026-03010_Jupiter_Exchange_DAO_Association/UPLOADED/U02_Proof_of_Address_Member_1.pdf
SR-2026-03010,Jupiter Exchange DAO Association (Alpha DAO),UPLOADED,U03,Passport ID Member 2,SR-2026-03010_Jupiter_Exchange_DAO_Association/UPLOADED/U03_Passport_ID_Member_2.pdf
SR-2026-03010,Jupiter Exchange DAO Association (Alpha DAO),UPLOADED,U04,Proof of Address Member 2,SR-2026-03010_Jupiter_Exchange_DAO_Association/UPLOADED/U04_Proof_of_Address_Member_2.pdf
SR-2026-03010,Jupiter Exchange DAO Association (Alpha DAO),UPLOADED,U05,DAO Constitution,SR-2026-03010_Jupiter_Exchange_DAO_Association/UPLOADED/U05_DAO_Constitution.pdf
SR-2026-03010,Jupiter Exchange DAO Association (Alpha DAO),UPLOADED,U06,Memorandum of Association CLG,SR-2026-03010_Jupiter_Exchange_DAO_Association/UPLOADED/U06_Memorandum_of_Association_CLG.pdf
SR-2026-03010,Jupiter Exchange DAO Association (Alpha DAO),UPLOADED,U07,Tokenomics,SR-2026-03010_Jupiter_Exchange_DAO_Association/UPLOADED/U07_Tokenomics.pdf
SR-2026-03010,Jupiter Exchange DAO Association (Alpha DAO),UPLOADED,U08,Whitepaper,SR-2026-03010_Jupiter_Exchange_DAO_Association/UPLOADED/U08_Whitepaper.pdf
SR-2026-03010,Jupiter Exchange DAO Association (Alpha DAO),UPLOADED,U09,Legal Opinion,SR-2026-03010_Jupiter_Exchange_DAO_Association/UPLOADED/U09_Legal_Opinion.pdf
SR-2026-03010,Jupiter Exchange DAO Association (Alpha DAO),UPLOADED,U10,Smart Contract Audit,SR-2026-03010_Jupiter_Exchange_DAO_Association/UPLOADED/U10_Smart_Contract_Audit.pdf
SR-2026-03011,Kamino Finance DAO Association (Alpha DAO),GENERATED,G01,Application SR Record,SR-2026-03011_Kamino_Finance_DAO_Association__/GENERATED/G01_Application_SR_Record.pdf
SR-2026-03011,Kamino Finance DAO Association (Alpha DAO),GENERATED,G02,Name Reservation Approval,SR-2026-03011_Kamino_Finance_DAO_Association__/GENERATED/G02_Name_Reservation_Approval.pdf
SR-2026-03011,Kamino Finance DAO Association (Alpha DAO),GENERATED,G03,Payment Confirmation,SR-2026-03011_Kamino_Finance_DAO_Association__/GENERATED/G03_Payment_Confirmation.pdf
SR-2026-03011,Kamino Finance DAO Association (Alpha DAO),GENERATED,G04,Shareholder Director Register,SR-2026-03011_Kamino_Finance_DAO_Association__/GENERATED/G04_Shareholder_Director_Register.pdf
SR-2026-03011,Kamino Finance DAO Association (Alpha DAO),GENERATED,G05,Client Confirmation Letter,SR-2026-03011_Kamino_Finance_DAO_Association__/GENERATED/G05_Client_Confirmation_Letter.pdf
SR-2026-03011,Kamino Finance DAO Association (Alpha DAO),GENERATED,G07,UBO Declaration,SR-2026-03011_Kamino_Finance_DAO_Association__/GENERATED/G07_UBO_Declaration.pdf
SR-2026-03011,Kamino Finance DAO Association (Alpha DAO),GENERATED,G08,Final Declarations Signed Application,SR-2026-03011_Kamino_Finance_DAO_Association__/GENERATED/G08_Final_Declarations_Signed_Application.pdf
SR-2026-03011,Kamino Finance DAO Association (Alpha DAO),GENERATED,G09,Source of Wealth Statement,SR-2026-03011_Kamino_Finance_DAO_Association__/GENERATED/G09_Source_of_Wealth_Statement.pdf
SR-2026-03011,Kamino Finance DAO Association (Alpha DAO),GENERATED,G10,Premium Activity Pre-Approval Request,SR-2026-03011_Kamino_Finance_DAO_Association__/GENERATED/G10_Premium_Activity_Pre_Approval_Request.pdf
SR-2026-03011,Kamino Finance DAO Association (Alpha DAO),UPLOADED,U01,Passport ID Member 1,SR-2026-03011_Kamino_Finance_DAO_Association__/UPLOADED/U01_Passport_ID_Member_1.pdf
SR-2026-03011,Kamino Finance DAO Association (Alpha DAO),UPLOADED,U02,Proof of Address Member 1,SR-2026-03011_Kamino_Finance_DAO_Association__/UPLOADED/U02_Proof_of_Address_Member_1.pdf
SR-2026-03011,Kamino Finance DAO Association (Alpha DAO),UPLOADED,U03,Passport ID Member 2,SR-2026-03011_Kamino_Finance_DAO_Association__/UPLOADED/U03_Passport_ID_Member_2.pdf
SR-2026-03011,Kamino Finance DAO Association (Alpha DAO),UPLOADED,U04,Proof of Address Member 2,SR-2026-03011_Kamino_Finance_DAO_Association__/UPLOADED/U04_Proof_of_Address_Member_2.pdf
SR-2026-03011,Kamino Finance DAO Association (Alpha DAO),UPLOADED,U05,DAO Constitution,SR-2026-03011_Kamino_Finance_DAO_Association__/UPLOADED/U05_DAO_Constitution.pdf
SR-2026-03011,Kamino Finance DAO Association (Alpha DAO),UPLOADED,U06,Memorandum of Association CLG,SR-2026-03011_Kamino_Finance_DAO_Association__/UPLOADED/U06_Memorandum_of_Association_CLG.pdf
SR-2026-03011,Kamino Finance DAO Association (Alpha DAO),UPLOADED,U07,Tokenomics,SR-2026-03011_Kamino_Finance_DAO_Association__/UPLOADED/U07_Tokenomics.pdf
SR-2026-03011,Kamino Finance DAO Association (Alpha DAO),UPLOADED,U08,Whitepaper,SR-2026-03011_Kamino_Finance_DAO_Association__/UPLOADED/U08_Whitepaper.pdf
SR-2026-03011,Kamino Finance DAO Association (Alpha DAO),UPLOADED,U09,Legal Opinion,SR-2026-03011_Kamino_Finance_DAO_Association__/UPLOADED/U09_Legal_Opinion.pdf
SR-2026-03011,Kamino Finance DAO Association (Alpha DAO),UPLOADED,U10,Smart Contract Audit,SR-2026-03011_Kamino_Finance_DAO_Association__/UPLOADED/U10_Smart_Contract_Audit.pdf
